40
40
300
20 20 0
39 17 6
6 26 6
39 4 4
14 22 6
26 12 3
31 32 5
4 27 3
19 38 4
6 23 4
32 30 7
19 19 4
23 38 6
31 16 4
17 33 3
35 0 5
11 6 6
7 37 7
32 33 3
31 1 7
39 2 5
22 2 6
1 29 6
25 14 4
4 14 5
0 4 5
33 31 4
14 26 6
16 20 4
18 35 7
13 13 4
32 6 6
27 19 4
18 20 6
8 16 7
36 7 4
30 38 6
10 5 4
27 28 7
10 39 7
3 31 3
1 26 5
15 37 5
35 16 5
0 24 7
38 21 7
30 11 5
19 7 7
13 21 6
26 19 7
23 33 6
28 13 3
14 0 3
25 1 6
14 23 4
27 24 6
34 17 3
4 38 4
19 10 6
25 39 3
2 8 5
22 26 4
3 36 6
33 27 4
30 2 3
29 38 6
24 3 5
39 11 5
3 6 3
25 8 5
22 3 6
4 13 6
34 23 5
27 23 5
28 8 6
15 7 5
10 30 3
27 21 5
14 33 4
34 33 4
32 4 3
15 0 3
3 32 7
10 21 7
7 36 7
11 39 4
31 10 6
33 21 7
26 25 6
21 14 4
31 38 4
2 4 5
4 19 5
5 31 6
25 22 4
26 2 7
19 37 7
1 14 6
15 5 6
29 12 6
15 8 3
1 5 4
11 8 6
21 16 6
37 36 6
28 17 4
27 17 7
21 4 3
20 35 7
19 14 5
36 31 6
32 3 5
38 15 4
20 37 7
8 28 7
38 34 4
14 38 3
11 5 7
14 34 5
5 5 3
20 6 3
6 21 6
18 37 3
33 39 5
9 20 3
11 29 7
25 23 3
11 7 3
27 22 4
33 22 6
5 27 3
1 35 7
33 35 4
27 14 4
30 36 3
14 31 3
21 15 6
27 30 7
23 24 6
17 29 3
8 33 7
0 26 4
27 33 6
16 36 3
16 6 7
37 13 7
26 11 3
38 20 4
7 35 5
38 9 7
11 16 6
13 8 6
7 18 7
38 36 4
29 8 5
1 8 3
7 31 3
19 31 4
5 11 5
20 1 4
15 19 5
4 37 3
22 18 4
39 22 3
13 7 6
37 22 5
4 20 3
39 26 6
27 6 7
5 7 5
27 35 6
27 31 4
1 27 7
14 21 5
23 6 7
14 16 5
9 5 6
3 28 6
6 6 4
9 13 5
11 17 6
23 8 5
5 14 3
9 8 4
12 34 7
2 18 6
21 32 7
27 37 6
0 28 7
8 17 5
12 21 4
37 11 5
36 0 7
2 21 6
36 2 4
14 2 6
12 23 3
3 5 6
3 19 6
7 29 5
32 20 3
17 0 7
32 37 5
25 18 3
26 35 5
35 26 5
3 20 4
6 7 6
21 35 6
15 1 7
6 10 5
32 24 4
8 8 6
36 18 7
35 11 5
24 17 7
18 16 5
27 0 3
12 18 4
12 14 5
32 19 5
1 7 6
31 29 7
6 15 3
23 10 3
8 37 7
11 3 6
34 7 6
31 37 4
9 16 3
30 18 7
14 29 3
20 13 5
25 34 3
8 18 5
16 25 3
18 22 6
27 11 6
18 29 4
7 33 5
23 5 7
21 21 3
5 37 5
18 39 7
24 24 5
27 9 5
29 22 4
6 16 7
37 39 7
32 32 3
34 28 6
4 10 4
5 16 4
29 18 6
2 36 7
9 25 6
9 21 4
7 30 3
31 0 7
29 19 5
6 17 5
5 6 3
6 8 4
28 12 7
7 34 4
17 36 4
36 28 6
17 20 7
1 20 4
36 35 4
37 5 3
8 19 6
30 17 6
34 29 4
38 30 4
9 32 3
9 3 7
37 10 5
36 10 6
19 28 3
34 16 3
7 5 4
28 25 5
13 32 4
8 2 7
38 3 6
7 16 3
4 15 5
21 30 4
2 24 7
5 38 6
20 9 4
12 28 7
21 33 4
11 38 7
12 31 3
9 11 4
9 15 3
25 6 5
10 13 7
