40
40
300
20 20 0
29 30 4
6 34 7
10 31 6
14 2 3
7 30 3
28 2 3
14 23 4
11 19 7
34 22 7
6 14 5
13 31 6
33 12 5
35 22 4
24 16 4
38 24 7
31 25 3
17 35 3
27 29 7
37 14 3
25 24 4
5 31 3
6 30 5
8 24 6
6 33 7
24 20 5
11 25 4
0 2 7
29 10 5
1 6 7
29 15 5
39 14 6
27 30 3
37 35 6
9 30 4
6 5 3
17 13 4
26 9 6
1 37 4
36 5 7
10 15 3
30 35 4
38 22 7
18 36 6
16 20 7
5 39 3
9 21 4
12 8 3
2 8 4
33 7 4
29 6 4
34 33 7
4 26 5
28 19 4
11 36 3
5 20 4
19 12 4
32 39 4
34 21 7
30 21 6
11 21 3
22 6 3
2 2 4
9 26 4
6 26 3
29 18 7
32 33 6
34 8 4
15 19 5
21 2 7
4 5 7
29 14 5
11 28 3
38 8 4
16 39 7
30 37 3
36 32 6
35 21 5
7 39 3
16 2 3
4 0 3
31 0 4
27 26 4
14 33 7
12 31 5
28 0 4
15 3 5
26 28 4
13 5 7
5 14 7
26 30 4
2 9 4
30 3 7
3 39 7
6 0 4
16 1 7
3 24 3
17 38 5
16 19 5
1 28 3
21 34 7
3 28 3
14 9 5
7 38 5
39 23 5
20 26 3
24 17 3
10 17 4
14 16 5
22 35 5
9 33 3
34 1 5
4 31 6
36 23 3
20 37 3
19 19 6
19 9 3
4 8 4
39 38 4
22 31 7
12 26 3
33 2 6
18 34 3
38 37 7
36 14 5
10 3 4
22 36 5
36 20 5
25 8 6
32 1 4
36 12 6
18 14 6
8 28 3
27 9 7
6 9 5
37 30 7
6 35 7
26 6 4
2 15 3
15 30 4
37 16 6
38 0 7
3 26 7
5 29 3
31 29 5
27 36 6
8 9 6
14 30 4
34 18 5
31 38 5
19 37 4
21 23 4
30 19 5
25 10 7
2 1 4
35 17 4
38 13 5
20 15 6
26 27 3
32 8 5
10 6 7
24 1 4
32 6 3
38 1 7
37 7 7
6 23 6
15 11 4
5 19 4
19 7 7
13 21 3
13 36 7
10 32 5
29 11 5
22 9 6
24 21 3
13 18 7
15 10 4
0 34 6
31 23 5
36 36 6
28 39 6
7 25 5
9 18 6
22 22 3
15 29 6
28 23 6
2 31 7
12 14 6
20 0 5
23 21 5
2 25 3
19 36 7
37 33 7
31 31 4
36 10 4
25 22 7
10 28 5
33 22 6
27 33 4
3 11 6
3 1 5
24 27 6
26 15 4
39 15 6
17 20 3
36 21 5
5 13 7
9 29 5
29 33 5
10 5 6
32 31 7
11 24 4
18 30 6
2 27 3
16 8 6
11 12 5
25 27 4
11 34 5
32 9 4
21 19 5
15 31 6
10 21 6
34 29 5
20 1 3
38 31 3
4 27 6
14 39 6
21 29 5
17 28 6
2 24 6
30 11 4
5 37 7
20 27 7
15 24 5
39 26 6
14 3 6
25 3 6
4 14 4
38 35 6
31 24 5
22 14 6
30 31 6
29 34 7
0 4 7
36 37 7
3 23 7
37 36 7
0 25 6
18 19 3
7 3 3
26 20 5
10 20 4
22 25 5
1 3 3
27 1 7
2 36 6
1 21 3
17 37 4
32 21 5
1 26 5
21 39 6
11 33 3
1 34 5
35 3 4
30 23 5
0 0 6
17 9 3
23 15 7
3 35 5
38 28 5
38 25 4
11 39 6
13 38 3
1 38 6
3 5 7
13 32 6
31 3 5
15 5 4
14 36 3
7 2 7
29 24 5
3 36 6
20 25 3
27 39 7
32 15 7
18 0 7
12 9 6
7 1 4
1 8 3
9 7 6
39 12 4
13 9 6
27 27 7
4 1 4
39 37 3
28 6 6
8 27 6
8 22 7
8 7 3
20 9 4
