40
40
300
20 20 0
20 14 6
32 28 4
27 39 5
4 39 3
39 11 3
34 5 3
32 9 4
10 4 5
16 29 5
27 14 5
20 21 4
26 37 4
6 18 5
39 25 3
35 27 3
1 17 7
3 5 4
1 8 7
1 16 4
30 21 7
30 24 5
9 29 7
4 17 7
19 16 5
19 27 4
18 15 6
2 17 5
5 31 3
38 8 3
39 13 6
3 23 5
7 22 4
37 15 7
8 31 6
30 18 3
29 10 3
10 3 7
18 24 5
39 20 3
32 2 5
25 22 3
22 11 4
11 36 3
17 25 3
36 8 3
25 24 6
9 5 3
34 25 7
1 18 5
26 19 6
29 19 7
6 14 6
12 18 4
10 26 4
3 21 7
9 20 5
14 16 3
29 17 4
13 37 6
3 39 5
9 13 6
22 36 6
34 19 7
6 30 3
15 35 7
16 0 5
13 34 5
7 5 3
23 16 6
1 21 6
21 26 5
33 4 5
34 21 5
32 36 5
15 11 6
29 24 5
8 27 4
6 17 7
9 32 3
11 38 6
37 28 6
12 22 6
7 7 7
2 0 7
23 3 4
39 21 5
24 20 6
6 4 6
38 10 4
30 29 6
27 21 6
35 32 3
10 13 6
16 3 5
32 33 5
14 26 4
33 12 4
27 19 6
23 20 5
0 17 7
34 1 7
24 8 6
31 18 3
35 23 5
16 13 6
21 34 6
34 27 5
0 7 5
2 3 4
0 25 5
0 24 4
31 9 4
15 28 5
22 2 4
8 7 4
12 4 6
28 0 4
7 11 7
27 3 7
32 27 3
19 39 3
28 12 4
39 2 6
35 6 6
15 33 6
22 18 6
17 13 6
25 15 7
8 15 7
37 23 7
32 31 5
21 20 5
23 13 7
3 19 3
5 8 6
11 26 4
14 12 3
19 15 3
13 10 3
31 5 4
23 15 3
29 35 6
8 21 7
36 38 3
20 28 5
26 35 3
28 15 6
35 2 5
33 16 6
38 4 6
16 11 4
26 26 5
24 28 5
39 6 3
1 6 6
26 38 3
24 27 7
11 30 3
34 2 7
29 23 7
9 9 3
20 9 5
28 13 4
36 3 3
2 24 7
32 11 4
13 36 7
12 31 5
6 20 6
2 20 6
2 12 3
23 37 4
38 28 4
25 9 6
30 1 7
31 29 5
11 27 3
7 17 3
25 30 5
18 38 5
33 10 3
31 19 6
26 1 5
24 15 5
32 20 3
26 32 5
6 13 7
22 25 7
27 7 3
30 11 3
14 5 5
39 22 3
14 15 3
14 19 4
5 29 6
39 10 4
26 17 7
4 38 7
29 37 7
17 24 5
5 11 4
6 36 3
17 17 5
33 8 3
32 30 4
15 32 5
34 31 5
32 13 4
10 15 5
22 6 6
19 10 7
6 9 5
11 4 3
21 8 5
25 26 4
10 32 4
2 13 6
16 18 7
13 16 4
19 8 3
30 4 7
16 7 4
5 14 3
35 17 5
5 19 3
5 36 4
27 31 4
39 23 5
15 7 7
30 22 7
13 28 6
27 29 6
22 0 7
8 3 6
34 32 6
14 0 6
14 9 7
16 27 4
29 26 5
14 22 4
27 37 3
4 15 5
34 33 7
5 6 7
20 0 5
14 27 4
33 32 6
3 30 4
17 28 6
28 9 6
17 30 3
38 15 3
23 4 6
38 24 7
27 27 6
0 39 6
23 29 3
12 29 4
14 3 7
22 38 6
27 2 4
18 26 7
29 12 4
4 5 7
24 33 4
5 28 5
0 22 7
18 19 6
1 23 6
37 33 5
4 19 7
33 38 5
4 8 7
31 38 6
15 21 6
28 21 6
12 8 6
3 31 6
22 5 4
28 22 3
9 6 5
11 15 7
28 24 7
16 38 6
31 39 4
17 32 6
33 35 5
2 15 6
21 10 5
20 35 4
18 36 6
4 29 6
16 28 6
37 12 7
12 3 6
37 6 4
38 21 4
3 2 4
39 8 3
