40
40
300
20 20 0
14 24 7
33 37 6
36 29 4
39 18 6
0 6 6
34 15 3
20 8 3
15 16 3
0 31 4
34 25 6
2 7 5
2 1 6
39 10 5
25 21 4
14 15 7
27 7 3
17 25 3
36 36 4
8 31 3
11 16 4
23 30 7
2 23 5
27 37 7
6 11 4
22 35 4
28 0 3
8 29 5
33 5 5
36 7 6
17 38 3
28 18 6
9 9 5
31 28 4
19 19 6
38 29 5
7 19 4
1 22 7
10 11 3
23 2 3
23 32 7
28 23 3
8 4 6
23 1 7
10 4 6
3 8 4
18 18 4
39 9 5
29 26 5
23 38 3
7 3 3
9 24 3
2 28 3
16 35 5
1 21 4
9 28 5
7 14 7
24 36 6
33 28 7
25 20 6
39 24 6
36 14 5
34 5 3
8 3 6
17 33 4
24 7 5
34 37 3
29 10 3
31 9 3
5 34 7
28 31 7
7 35 7
12 6 5
27 18 3
16 30 7
39 20 4
13 36 7
5 10 6
23 16 4
28 19 4
22 17 7
15 24 4
18 13 5
9 31 7
30 36 6
30 23 4
17 35 3
37 23 7
5 24 6
12 4 4
25 31 3
23 27 5
12 21 3
7 30 4
26 34 7
15 30 3
19 28 6
18 25 7
0 23 3
26 39 6
37 15 6
20 39 5
0 16 3
30 15 3
13 8 3
13 19 5
16 13 5
27 12 3
12 34 5
39 33 7
16 11 3
33 0 3
27 1 7
11 39 5
27 3 7
4 29 6
3 10 3
31 38 4
22 29 4
19 22 4
4 36 3
6 33 5
3 35 5
3 21 3
6 18 4
20 21 7
17 11 6
9 6 7
12 33 5
31 39 5
13 37 6
25 1 4
8 33 5
4 26 7
4 30 7
38 11 6
38 14 5
7 22 3
19 9 4
21 8 6
9 19 5
32 31 5
21 37 3
2 16 7
22 27 3
3 16 3
12 5 4
18 5 4
35 21 5
10 28 7
16 28 6
3 29 5
34 17 7
28 16 3
35 28 6
37 20 5
14 33 6
39 32 3
24 0 3
22 30 3
2 0 4
32 6 5
19 25 3
11 26 3
36 28 7
25 27 4
1 37 6
22 6 4
3 25 5
11 35 3
3 11 3
22 12 3
13 4 4
33 36 4
9 34 5
7 37 7
39 28 4
6 39 5
11 29 7
36 1 4
17 15 6
15 36 5
14 3 4
7 13 3
30 33 4
18 33 5
10 2 6
22 18 6
0 8 3
22 11 4
24 18 3
16 12 3
27 2 4
35 8 4
6 14 5
21 32 4
8 14 7
18 27 6
9 4 5
14 5 3
1 9 3
28 32 4
16 3 7
30 29 3
32 37 4
29 27 5
36 26 4
14 21 6
5 14 6
39 5 6
13 11 6
1 15 5
38 18 5
8 10 6
15 12 3
0 24 6
36 22 4
17 8 4
39 19 4
32 22 3
9 33 5
20 2 5
11 2 5
32 23 3
36 6 5
35 20 3
21 31 6
3 15 3
13 30 7
38 9 5
30 31 3
9 7 7
28 11 5
17 16 7
6 17 4
36 39 6
19 23 3
21 17 7
24 24 5
14 9 7
38 16 5
19 0 5
0 15 7
4 27 7
6 28 3
12 32 6
4 34 4
34 28 5
31 2 6
4 22 5
14 35 5
18 16 4
25 13 6
8 7 6
4 9 4
35 22 3
0 27 3
12 28 5
24 38 6
12 29 5
3 3 4
8 12 6
26 9 3
32 39 4
4 17 6
17 32 4
14 27 3
24 17 6
8 37 4
38 13 6
6 0 7
34 26 3
3 19 4
25 25 6
5 6 4
8 6 4
0 2 4
4 35 4
13 32 5
25 8 3
10 25 6
10 33 7
37 36 4
5 25 4
22 24 3
18 15 5
33 32 4
30 6 7
26 4 7
17 21 7
18 10 6
24 1 6
3 31 4
23 9 4
7 24 6
28 17 7
34 33 3
27 5 6
35 35 5
15 8 4
