40
40
300
20 20 0
35 13 4
37 33 5
1 0 6
20 23 5
37 27 5
35 0 3
34 16 5
6 7 4
27 28 3
38 38 6
6 20 5
13 37 7
21 1 6
3 37 5
39 13 5
3 10 3
6 1 3
25 26 7
28 33 7
22 14 7
17 18 4
33 33 5
0 35 3
35 33 3
38 21 5
1 37 4
29 32 3
11 33 5
35 22 7
36 13 5
29 22 7
20 37 3
14 22 3
8 37 3
19 23 5
16 34 6
16 6 5
13 3 5
15 6 4
34 39 5
11 20 4
32 5 7
15 22 6
23 33 6
31 0 7
15 35 4
30 11 3
7 7 4
3 28 4
13 2 4
22 17 6
36 20 6
32 36 6
16 20 6
1 22 4
2 29 5
7 29 5
28 8 7
17 21 4
37 2 4
18 16 5
26 23 3
39 26 7
17 2 6
32 26 5
9 30 5
27 7 5
5 38 4
16 7 4
15 24 7
29 39 6
20 14 7
22 16 7
5 3 5
35 19 7
34 27 3
14 21 7
36 25 7
3 34 7
18 28 3
8 39 3
27 13 3
21 10 7
28 12 3
11 15 6
16 10 5
23 15 5
31 9 6
11 17 4
26 8 6
13 32 5
5 20 3
29 28 5
21 28 6
1 39 4
37 6 4
19 20 3
33 2 3
27 8 7
26 36 4
6 9 6
7 35 7
18 26 5
6 30 4
14 13 4
3 16 7
5 26 6
33 7 4
3 3 6
27 26 3
14 29 5
36 3 3
1 27 6
32 32 6
24 16 4
11 27 4
18 1 7
2 6 4
14 19 3
13 5 4
16 26 7
15 10 7
20 13 3
39 16 3
20 29 5
10 15 5
19 30 3
32 12 7
18 24 4
29 11 5
34 31 6
18 30 4
16 35 3
12 34 5
25 29 7
33 5 4
7 4 5
23 25 5
22 24 4
7 23 4
16 9 6
3 31 6
10 11 4
13 14 3
21 11 7
9 19 5
38 26 5
39 18 4
19 36 6
31 32 4
6 32 4
18 32 3
1 1 3
15 33 5
36 4 6
10 17 4
0 12 6
29 8 4
10 24 7
28 6 7
17 9 5
33 34 4
7 6 4
20 15 4
29 10 5
29 14 4
2 17 3
12 35 6
31 1 5
20 27 6
25 3 5
5 31 5
2 24 7
15 13 5
27 4 7
13 29 5
39 24 6
27 24 6
9 11 7
7 33 7
20 31 5
38 6 6
16 16 4
36 6 4
9 22 7
8 38 5
13 24 4
26 5 7
18 25 4
8 22 3
36 24 7
23 39 7
4 0 3
28 38 5
3 21 5
19 24 6
11 31 4
8 8 3
29 9 3
22 15 3
4 6 3
31 11 5
32 31 5
24 26 5
10 5 3
34 9 3
29 18 4
32 37 3
12 1 5
11 9 3
9 26 4
27 35 6
18 19 7
9 39 5
39 11 6
10 31 3
2 20 7
25 18 4
30 21 4
20 16 5
37 7 4
7 3 4
4 4 7
1 32 6
34 11 7
20 21 6
39 25 6
19 32 4
33 32 3
39 34 5
39 27 4
27 20 3
4 16 5
29 5 3
23 13 3
0 18 5
11 8 5
14 4 5
13 0 4
33 18 6
4 27 3
30 7 5
4 31 7
17 22 3
2 3 3
17 12 6
33 37 3
29 37 4
4 5 7
28 0 3
21 36 4
36 28 7
8 20 3
22 7 6
34 29 4
2 39 5
4 7 7
29 4 3
22 10 4
33 8 6
6 37 4
15 12 4
19 2 7
29 38 3
25 15 7
7 11 3
13 12 7
7 0 5
5 12 7
21 5 4
0 32 7
33 0 6
4 20 6
5 33 7
24 14 6
1 9 5
4 24 6
22 37 6
19 25 4
16 19 4
15 17 5
25 9 5
20 7 3
26 3 4
25 20 4
1 26 6
10 29 7
22 31 3
11 13 5
34 37 4
25 13 5
28 17 7
29 1 5
4 15 4
22 22 3
34 24 7
6 19 5
35 3 6
38 32 6
