40
40
300
20 20 0
26 5 7
23 27 3
17 17 6
2 20 5
37 9 5
33 4 4
12 2 6
37 23 5
19 11 5
17 24 6
35 17 7
23 36 4
3 31 3
29 14 3
24 29 6
15 3 6
3 0 6
18 3 4
5 7 6
24 34 7
29 32 7
1 29 3
39 39 7
11 23 7
21 37 6
8 8 5
21 28 6
25 1 5
26 30 7
12 12 3
3 2 3
10 32 6
0 34 5
7 37 4
3 36 5
27 32 5
8 1 6
22 21 6
10 30 6
24 25 7
6 7 3
15 25 7
8 22 3
32 38 3
21 16 7
24 38 5
27 8 3
39 16 4
10 7 5
3 7 6
32 1 7
22 38 5
3 16 7
5 12 5
39 35 7
5 35 5
2 37 5
30 25 6
2 16 7
35 19 4
11 5 7
4 9 5
17 34 3
4 4 7
30 39 3
8 38 7
22 23 5
16 21 6
34 30 6
26 15 6
8 19 5
36 13 7
0 21 4
17 38 7
21 22 5
17 11 5
16 19 4
3 3 3
17 36 4
2 21 5
3 26 7
19 25 5
5 4 3
18 24 6
4 24 7
1 12 6
38 0 4
11 26 4
12 16 5
3 28 6
19 3 4
34 23 3
2 3 6
26 34 7
18 2 6
7 30 3
28 39 5
16 36 7
32 2 4
2 39 5
29 24 5
29 31 3
6 22 3
12 20 7
28 18 6
9 12 4
24 19 4
28 6 3
24 36 4
38 25 6
31 20 5
16 17 5
28 0 4
28 15 5
4 36 4
5 0 7
16 25 7
34 21 4
26 18 5
3 19 3
36 30 4
12 11 5
24 31 6
19 23 6
9 38 7
22 12 3
12 31 5
14 17 6
20 14 7
26 35 7
17 0 5
16 5 5
3 11 5
33 12 7
27 27 5
1 33 4
19 37 5
35 0 5
21 11 6
4 21 4
0 18 7
34 35 3
17 13 3
30 17 3
19 6 3
15 31 3
27 10 4
7 5 5
4 15 5
14 8 5
6 36 4
28 3 5
23 39 5
1 10 5
23 21 3
3 8 3
37 15 5
7 31 4
39 9 6
14 16 7
16 13 4
26 29 6
8 24 7
10 18 7
39 18 6
18 8 4
20 25 6
31 0 5
36 6 6
38 14 7
1 20 7
36 21 4
27 26 7
38 12 6
17 31 5
20 23 4
19 33 5
11 19 6
20 36 3
2 1 5
29 16 7
23 6 7
9 16 6
36 10 7
11 6 6
37 6 5
18 18 7
21 36 7
2 35 6
32 6 7
6 12 6
20 16 7
24 5 5
17 16 4
32 19 5
38 27 4
8 10 3
17 21 6
4 35 7
14 18 4
20 24 3
16 8 7
14 33 3
22 37 3
8 9 6
34 22 6
3 1 4
22 0 4
0 6 7
12 22 3
26 17 6
31 2 6
38 9 3
37 27 4
3 10 3
39 17 5
3 9 4
31 39 5
37 31 5
7 35 6
35 2 7
19 2 4
21 7 5
11 28 3
3 17 3
39 30 3
35 20 6
28 34 6
29 10 6
17 5 5
10 12 3
3 39 7
21 1 3
18 11 3
18 16 4
8 11 7
6 18 6
20 6 5
21 38 6
4 25 4
15 30 3
39 1 5
18 4 4
39 14 5
14 37 4
18 36 6
24 26 4
38 21 6
14 38 7
16 37 3
28 9 7
1 2 4
29 11 7
30 12 6
4 29 7
2 26 3
9 31 3
13 13 6
2 27 3
6 35 4
25 29 3
1 31 5
4 30 5
7 0 3
33 38 7
28 7 3
2 15 3
33 22 6
10 11 6
0 35 4
11 31 7
7 27 6
7 11 3
32 16 5
2 24 7
22 30 4
21 29 4
2 17 7
11 34 4
17 14 4
23 32 6
25 38 4
10 23 4
35 25 4
18 22 7
35 24 7
8 20 7
36 34 6
38 30 4
7 8 5
4 10 4
15 17 4
32 13 4
2 14 6
12 13 7
12 21 3
13 20 7
16 26 6
8 4 4
