40
40
300
20 20 0
12 38 4
10 22 5
3 15 6
27 35 3
31 33 6
32 17 4
10 27 5
1 20 4
26 20 5
36 35 5
23 32 5
34 33 3
14 6 4
3 10 4
32 38 5
12 10 4
36 22 4
15 28 6
38 18 6
35 18 5
14 24 3
13 21 4
7 11 3
31 38 7
5 35 5
25 38 6
3 25 3
28 13 6
35 11 7
9 19 5
39 31 4
27 23 6
37 34 7
14 31 7
14 32 3
0 8 6
1 37 4
27 2 3
34 3 5
14 28 7
21 1 7
5 39 4
3 36 5
26 22 5
27 25 3
34 27 7
5 1 4
26 34 5
0 37 7
15 24 3
32 37 4
9 34 4
36 17 7
10 24 4
0 21 5
3 33 6
20 8 3
7 26 4
1 33 5
7 15 7
0 33 4
33 25 6
32 16 6
0 28 3
18 0 6
22 17 3
12 19 5
31 15 4
31 11 5
21 6 7
22 25 4
12 4 7
32 18 5
4 38 4
33 17 7
26 19 3
32 15 5
1 1 5
3 26 6
14 13 5
24 38 4
22 7 7
7 14 3
21 26 4
4 12 6
29 9 5
31 39 4
12 3 5
36 12 6
20 28 3
33 30 6
10 39 3
33 21 4
18 21 6
27 8 5
27 33 7
6 26 6
31 34 5
5 38 5
18 12 4
25 17 3
29 37 4
34 5 7
10 13 5
9 21 5
9 8 6
6 12 7
2 0 6
28 6 3
37 7 3
2 25 3
11 9 4
39 29 7
36 32 4
1 34 3
26 6 5
15 8 6
26 30 4
30 21 4
30 9 4
29 15 5
8 20 5
14 5 4
30 10 6
0 11 4
18 33 4
29 1 6
39 11 4
39 28 7
22 31 6
11 14 5
13 2 3
17 34 3
22 23 6
39 1 5
33 23 5
26 32 5
24 23 6
20 31 5
19 13 4
8 17 3
27 0 7
11 24 3
20 27 3
34 39 5
16 5 7
39 34 4
14 19 5
28 25 3
28 36 6
11 26 6
19 27 4
20 22 7
0 25 3
33 7 5
12 30 5
10 4 3
7 21 4
14 3 5
39 12 5
21 30 6
26 29 4
12 23 6
0 14 3
30 33 4
11 5 5
1 11 4
17 8 4
4 4 7
31 35 7
9 16 3
17 13 6
15 10 5
3 22 4
39 19 5
21 17 7
14 39 3
16 34 7
6 31 3
3 38 5
8 10 5
22 20 6
6 14 5
11 7 4
35 7 7
37 17 3
6 21 6
14 11 7
3 37 6
33 5 4
37 19 7
4 6 6
17 12 5
24 1 4
16 3 5
18 32 7
13 28 3
33 26 5
22 13 7
10 34 7
25 12 7
16 21 6
2 14 5
16 39 7
33 4 5
24 33 5
10 21 7
20 2 3
2 12 4
11 27 5
25 14 5
5 10 4
26 16 6
18 5 3
20 3 4
6 36 7
9 24 6
38 39 5
8 23 5
31 17 6
6 17 5
23 38 7
22 3 7
14 4 3
4 19 7
10 3 3
33 14 3
34 26 3
31 20 6
27 4 7
8 8 5
39 14 7
39 8 6
29 4 7
17 31 7
36 5 3
1 39 5
3 0 7
0 16 3
5 15 3
22 36 7
27 3 5
34 9 4
30 1 6
1 12 3
37 21 6
4 20 4
4 18 5
38 36 6
7 22 4
17 9 7
4 0 4
26 7 4
34 2 7
37 1 5
33 39 5
27 32 7
15 3 3
32 24 5
0 38 4
12 17 3
36 30 7
6 22 5
25 2 6
11 17 6
15 6 3
26 5 6
1 22 4
28 32 3
13 30 4
36 0 6
31 26 3
16 2 4
20 10 6
4 25 3
5 3 4
20 7 6
19 10 4
14 16 3
14 35 6
28 11 5
17 20 3
19 28 4
39 38 7
4 15 4
8 6 4
31 7 7
12 13 4
31 2 3
5 33 6
15 32 4
8 31 7
38 35 7
31 24 4
15 7 4
11 29 5
16 30 6
21 20 4
21 15 4
