40
40
300
20 20 0
8 2 7
2 37 7
6 19 4
33 37 7
2 8 5
27 17 7
8 15 7
29 29 6
6 25 3
2 10 7
10 26 6
23 24 4
12 31 3
29 14 6
16 19 6
11 13 6
28 16 5
6 15 5
8 4 7
34 4 5
19 13 4
24 35 4
20 33 5
32 24 7
6 39 3
22 25 5
9 34 3
29 20 7
34 36 3
16 36 4
31 25 6
0 24 7
30 8 3
7 6 7
13 22 5
31 17 5
15 16 4
8 27 6
7 39 4
3 2 4
23 10 7
14 8 3
22 11 5
15 35 3
17 24 6
24 7 5
21 13 4
32 29 3
4 2 7
25 32 3
3 30 5
15 14 4
7 14 5
4 21 5
3 31 7
17 39 4
6 30 5
11 25 3
20 31 7
11 31 4
39 22 3
28 32 7
20 29 5
10 36 6
24 36 7
0 35 5
35 6 7
28 19 6
31 37 5
5 34 6
25 39 4
3 26 3
15 11 4
21 26 6
19 30 6
29 17 6
31 19 3
12 6 5
6 5 3
34 5 5
1 19 7
27 39 5
17 18 6
0 1 6
23 7 5
37 14 3
27 23 3
15 21 4
15 26 3
17 33 4
11 23 3
24 22 4
23 9 6
13 1 7
16 35 4
35 20 3
4 17 5
0 39 6
25 10 4
19 23 3
19 16 5
27 2 4
1 33 4
39 33 3
11 2 7
3 37 3
38 11 6
8 10 3
14 17 3
34 27 3
9 14 4
38 3 6
21 10 7
21 19 3
0 26 5
15 0 4
35 9 6
10 12 3
34 20 5
21 36 4
23 30 3
31 28 5
10 22 5
34 21 3
25 17 6
10 25 4
22 29 7
8 0 7
21 16 4
31 39 6
31 26 6
10 34 5
31 22 7
17 4 5
36 29 6
34 11 7
15 38 3
32 28 6
30 24 7
39 14 3
21 22 6
5 39 6
28 10 4
0 25 3
18 3 6
4 16 4
18 0 3
12 22 5
2 39 3
6 32 6
13 6 3
33 6 7
0 20 7
26 5 6
18 8 4
0 32 4
22 12 3
2 12 4
9 27 4
8 23 3
17 17 4
27 13 5
16 13 4
19 2 3
26 14 5
8 31 3
39 26 5
20 23 7
11 28 4
11 39 4
8 9 6
32 18 6
36 15 5
24 2 5
8 25 5
10 29 6
4 28 6
31 10 3
11 21 7
17 0 7
36 30 7
37 19 7
27 24 4
35 10 7
36 7 5
27 12 4
24 17 6
31 15 7
36 18 6
12 29 3
28 18 5
17 7 6
16 5 5
11 9 4
21 34 4
25 33 4
34 31 3
28 39 6
12 2 5
27 22 7
16 34 4
13 33 4
35 17 5
18 20 7
34 12 4
7 21 7
31 31 7
16 11 5
34 3 6
34 2 5
39 19 3
37 18 7
26 23 3
8 38 4
17 11 3
20 6 3
30 28 7
29 21 6
6 0 7
33 4 5
13 11 6
0 16 3
23 23 3
38 37 3
38 31 5
3 14 3
10 3 6
22 18 7
0 7 5
19 27 5
18 6 3
39 36 5
29 8 6
25 21 7
39 15 3
20 0 5
29 16 6
28 7 5
24 37 3
14 26 7
20 37 6
16 31 3
8 26 5
1 3 4
36 10 5
33 29 4
19 38 4
30 29 3
38 9 3
18 9 7
6 38 3
27 15 4
31 29 6
30 19 5
38 28 5
19 36 7
4 14 4
9 32 4
9 11 5
36 38 3
15 12 5
18 29 6
34 1 5
29 0 5
17 6 4
15 31 7
32 20 5
10 10 5
9 8 5
7 31 7
21 2 6
7 5 5
34 17 7
20 32 4
13 2 7
13 13 3
26 2 6
30 27 6
36 16 4
5 32 4
19 9 4
32 27 6
10 20 6
15 17 7
30 25 4
19 29 4
16 21 6
13 31 6
14 35 7
37 28 7
24 16 7
32 31 5
34 29 5
35 4 3
13 18 5
7 8 6
4 36 5
33 33 5
35 16 7
