40
40
300
20 20 0
7 25 4
28 32 3
22 28 3
23 33 6
34 30 3
33 28 4
26 1 7
20 13 5
6 8 4
21 36 7
39 22 3
3 31 7
2 7 4
3 4 3
26 6 3
35 29 6
17 27 6
39 28 4
36 23 6
16 23 5
0 11 3
12 32 7
23 3 5
14 39 3
23 21 3
11 12 7
27 30 4
18 4 3
30 35 5
38 24 4
15 0 7
37 6 7
24 14 6
24 27 5
28 31 5
6 27 5
29 27 6
2 12 3
28 3 7
3 17 6
16 38 5
18 18 6
9 14 7
3 13 3
24 6 7
27 5 6
16 6 6
27 25 4
19 30 4
4 29 7
11 1 5
35 27 6
38 5 6
31 15 5
22 29 4
27 16 5
25 36 6
15 23 7
26 26 5
7 23 6
22 33 4
5 16 5
38 14 4
4 26 4
18 12 6
33 8 4
12 36 5
31 37 7
4 7 6
13 14 4
30 6 4
18 29 7
37 37 4
0 1 5
2 13 3
3 1 5
36 3 5
22 9 7
0 39 6
29 20 4
28 30 4
34 14 6
10 15 5
28 10 5
0 17 6
29 30 4
18 39 5
7 15 7
8 6 5
9 12 7
25 39 6
12 39 7
4 12 3
25 4 7
1 30 4
24 2 6
24 28 6
13 2 7
19 19 6
23 25 6
13 4 3
29 36 3
15 16 3
22 15 3
35 9 6
31 3 3
9 27 3
10 3 7
33 19 6
39 9 3
22 34 6
17 8 4
4 36 5
27 38 5
5 7 7
0 36 4
16 5 5
19 23 7
28 6 7
18 3 3
2 38 7
1 32 5
26 31 7
37 4 3
35 32 5
2 39 4
14 38 4
15 35 5
17 28 3
10 19 4
32 16 4
29 10 7
5 12 4
32 32 7
7 17 6
24 11 5
34 38 4
16 8 7
15 26 7
5 21 4
32 20 4
35 11 7
11 24 7
7 39 4
17 34 6
34 28 4
37 34 7
9 8 6
9 38 7
20 5 7
35 7 5
13 31 6
37 29 7
11 35 7
33 37 5
3 7 4
32 15 3
0 30 6
17 24 3
32 1 4
30 11 6
8 28 4
35 6 7
27 19 3
37 7 6
4 22 3
29 25 6
8 33 3
37 11 6
10 29 5
22 32 4
32 26 5
14 9 7
20 33 6
14 22 6
8 18 7
39 20 5
32 9 6
39 38 7
18 31 3
39 3 4
35 36 3
33 6 3
33 2 5
23 15 4
23 18 5
24 30 4
9 5 7
11 6 6
10 10 7
6 14 6
0 0 4
30 17 6
23 35 5
4 27 5
6 36 3
23 7 7
23 9 5
23 0 4
39 31 5
11 30 6
3 14 3
19 13 3
13 5 3
5 1 6
13 1 4
22 0 6
12 11 6
15 9 7
29 0 5
29 37 4
39 5 5
37 39 6
19 8 3
37 3 4
27 31 7
23 13 3
12 6 5
21 37 6
30 30 5
9 33 7
0 19 4
25 0 3
10 7 6
8 12 3
0 34 6
31 16 3
30 18 5
9 9 5
26 17 5
12 22 3
30 39 5
6 1 6
17 16 7
4 1 4
39 24 7
22 38 6
23 10 5
38 29 5
30 15 4
6 15 5
15 11 5
9 11 3
20 34 3
38 35 3
7 4 6
21 25 6
37 8 3
22 35 7
14 23 6
1 10 7
0 8 7
20 10 6
39 30 7
18 36 5
20 28 3
24 10 4
11 19 6
13 22 4
12 3 3
5 8 4
32 35 5
3 5 6
15 36 6
20 4 7
3 19 5
33 18 4
33 10 5
24 24 4
36 31 5
36 24 5
2 23 3
26 28 4
2 14 4
10 21 5
11 2 4
14 15 5
5 10 3
30 37 6
29 15 3
7 6 3
12 31 3
33 25 4
19 35 3
21 17 4
5 29 5
15 39 3
17 11 6
33 7 4
13 8 3
9 39 3
31 11 5
25 5 5
34 26 7
6 19 4
39 0 5
13 28 5
28 24 7
17 26 3
