40
40
300
20 20 0
1 3 5
28 32 4
31 18 7
18 12 5
36 33 6
34 30 4
6 8 6
33 26 3
13 34 3
29 21 5
38 1 4
24 14 5
16 20 5
7 36 3
28 9 7
19 35 5
28 10 3
8 7 7
36 28 5
39 18 6
29 35 3
3 13 7
7 39 3
9 20 5
6 17 5
6 4 7
28 35 5
15 18 5
16 9 4
8 13 4
39 13 6
25 1 7
12 25 3
8 3 5
24 33 7
14 16 3
14 4 4
16 1 6
25 16 7
25 14 4
31 5 4
25 19 5
12 7 6
38 14 4
24 8 6
22 1 6
3 8 4
18 37 6
18 17 4
27 35 3
27 31 5
7 35 4
0 3 7
26 13 3
17 35 7
12 0 4
35 23 6
29 28 6
16 10 5
36 19 4
39 32 4
20 29 4
20 27 5
39 24 7
39 8 5
16 17 7
22 24 6
25 38 7
5 8 4
25 4 7
37 24 7
37 31 6
37 32 7
34 7 6
8 33 6
24 22 4
33 13 6
25 12 7
29 19 6
32 24 5
24 5 6
27 32 5
27 27 6
36 1 3
1 22 4
7 15 5
15 15 3
11 39 6
6 24 5
13 2 6
32 1 5
6 1 4
26 0 6
25 34 5
22 31 5
19 24 6
4 12 5
24 35 3
2 14 3
26 11 6
37 35 3
22 27 3
25 26 4
8 0 4
37 8 7
2 25 5
11 35 7
22 4 4
19 26 5
0 10 7
9 6 3
4 11 6
26 19 7
10 5 3
11 38 3
23 11 4
32 3 7
35 16 4
31 6 3
4 4 4
25 17 3
24 3 4
38 21 5
1 19 3
5 26 5
31 31 5
25 7 3
24 12 6
38 24 4
33 17 7
6 25 7
19 8 6
2 21 5
30 10 5
17 10 4
31 2 5
35 19 4
21 11 4
36 8 4
8 22 7
23 18 6
25 36 3
5 18 7
25 37 4
32 22 4
19 2 4
28 3 5
13 37 3
17 33 4
8 35 4
24 32 4
1 0 7
17 23 7
11 12 4
14 26 5
37 14 7
15 34 3
18 2 6
12 12 4
16 7 7
0 27 4
36 13 4
22 3 6
5 12 6
24 10 3
14 24 4
22 36 3
35 30 3
27 19 3
27 13 7
24 25 5
39 33 5
28 22 4
23 17 7
29 17 5
31 27 3
12 20 5
34 22 5
32 8 6
31 7 4
32 0 7
35 24 5
12 37 5
8 37 5
1 13 6
10 0 5
39 27 3
27 26 7
12 16 5
32 35 5
15 1 5
16 27 5
7 32 5
26 1 6
15 6 3
29 22 5
4 21 5
19 0 7
7 1 4
20 3 7
3 18 3
0 34 5
22 12 4
27 38 3
9 17 4
4 6 5
33 15 5
2 26 5
25 20 4
9 25 7
3 37 7
3 17 7
28 1 7
21 20 4
10 21 5
19 36 7
29 38 7
13 21 4
12 28 6
22 5 4
9 19 3
37 33 4
34 32 7
39 0 5
39 5 5
7 26 7
10 20 5
3 23 7
19 12 7
34 15 4
25 18 4
8 19 3
37 15 3
19 37 3
1 5 3
21 30 7
15 22 3
20 14 5
22 30 5
23 6 7
30 37 7
20 33 6
28 28 5
24 2 4
18 33 4
19 28 6
28 13 5
31 16 7
15 25 3
14 34 7
36 4 3
25 27 3
13 19 4
24 31 5
6 34 4
15 19 3
4 38 6
11 20 7
6 27 7
0 18 5
30 24 4
37 5 6
17 20 7
22 35 6
3 21 5
27 7 5
21 23 3
14 10 4
39 4 4
14 12 5
2 15 5
22 22 5
32 26 5
28 11 6
5 29 4
2 37 3
18 28 5
7 29 4
27 24 6
38 7 4
35 12 5
22 7 4
24 39 6
39 36 4
26 34 5
19 3 7
32 15 6
19 19 3
23 10 6
38 11 3
6 20 4
21 8 5
37 19 3
32 38 7
6 12 7
16 11 4
38 34 5
26 14 5
23 9 6
